control0mg0.jpg

[97.835, 16.5983, 187.96, 0]
[17.4585, 2.64833, 4.10955, 0]


control0mg1.jpg

[116.733, 16.2241, 189.06, 0]
[4.00508, 0.708157, 1.97086, 0]

control0mg2.jpg

[108.385, 16.6019, 195.175, 0]
[9.17598, 1.62508, 3.19103, 0]

control2mg0.jpg

[106.921, 14.1942, 195.511, 0]
[6.33031, 0.677253, 1.95034, 0]

control2mg1.jpg

[110.914, 10.9408, 194.277, 0]
[11.1515, 2.64636, 5.13019, 0]

control2mg2.jpg

[102.128, 21.5116, 211.907, 0]
[5.86435, 0.918089, 1.65746, 0]

control4mg0.jpg

[119.33, 19.8055, 199.732, 0]
[13.2322, 1.74246, 3.51346, 0]

control4mg1.jpg

[109.978, 16.1911, 197.653, 0]
[11.1954, 1.67701, 2.96195, 0]

control4mg2.jpg

[115.373, 13.6013, 190.229, 0]
[5.88771, 0.917085, 1.51893, 0]

control7mg0.jpg

[105.847, 14.3842, 191.551, 0]
[8.25233, 1.1544, 2.84813, 0]

control7mg1.jpg

[99.9152, 12.603, 192.018, 0]
[4.62655, 0.967654, 1.15193, 0]

control7mg2.jpg

[110.726, 15.9086, 190.888, 0]
[10.7156, 1.10227, 2.46348, 0]

control15mg0.jpg

[111.995, 16.555, 192.429, 0]
[6.67063, 0.769758, 2.15231, 0]

control15mg1.jpg

[104.683, 13.6976, 203.39, 0]
[4.77513, 0.57275, 1.47628, 0]

control15mg2.jpg

[94.1769, 12.932, 198.687, 0]
[2.67948, 0.251793, 2.37276, 0]

test0mg0.jpg

No contour found

test0mg1.jpg

No contour found

test0mg2.jpg

No contour found

test2mg0.jpg

[105.902, 7.59762, 197.348, 0]
[7.19342, 0.532285, 1.66422, 0]

test2mg1.jpg

[114.004, 8.71515, 196.465, 0]
[14.4772, 1.73661, 4.1034, 0]

test2mg2.jpg

[95.8, 17.7111, 213.283, 0]
[3.67635, 0.552659, 0.984745, 0]

test4mg0.jpg

[123.615, 18.1825, 199.02, 0]
[19.7272, 3.09864, 4.78267, 0]

test4mg1.jpg

[125.989, 14.629, 193.689, 0]
[7.58811, 1.29151, 1.58464, 0]

test4mg2.jpg

[110.06, 12.6625, 186.852, 0]
[9.43245, 1.24186, 2.78121, 0]

test7mg0.jpg /// REFAZER

[134.095, 18.7619, 180.762, 0]
[1.82326, 1.15077, 0.425918, 0]

test7mg1.jpg

[114.577, 13.2018, 182.968, 0]
[12.6396, 1.78974, 4.59585, 0]

test7mg2.jpg

[118.546, 18.7766, 183.481, 0]
[14.9806, 3.14121, 3.59292, 0]

test15mg0.jpg

[122.489, 21.2462, 182.297, 0]
[16.237, 3.28492, 4.68718, 0]

test15mg1.jpg

[118.768, 21.2439, 185.004, 0]
[13.9656, 3.26843, 5.81619, 0]

test15mg2.jpg

[115.352, 18.354, 186.495, 0]
[13.7882, 3.15476, 7.11108, 0]

/***************************************************************/
Segundo Teste



test15mg2.jpg

[136.31, 23.5533, 173.753, 0]
[28.7981, 6.78787, 9.89841, 0]

test15mg1.jpg

[140.733, 26.5278, 173.799, 0]
[29.5959, 9.27525, 9.49397, 0]

test15mg0.jpg

[150.398, 27.5036, 172.574, 0]
[24.5201, 7.93069, 7.25355, 0]



test7mg2.jpg

[145.558, 24.0687, 175.478, 0]
[26.3959, 7.14428, 6.52246, 0]

test7mg1.jpg

[134.786, 16.0974, 173.749, 0]
[29.2979, 4.77219, 7.12792, 0]

test7mg0.jpg

[142.379, 20.0947, 176.059, 0]
[22.8453, 6.72513, 6.81886, 0]

test4mg2.jpg

[117.508, 13.6324, 181.492, 0]
[32.49, 4.55583, 5.51873, 0]

test4mg1.jpg

[137.682, 17.1626, 189.655, 0]
[28.8307, 3.71632, 5.0084, 0]

test4mg0.jpg

[147.58, 23.0559, 192.407, 0]
[29.1304, 4.09887, 7.68534, 0]

test2mg2.jpg

[105.863, 18.4323, 211.138, 0]
[32.5103, 3.02658, 4.5269, 0]

test2mg1.jpg

[139.787, 11.3359, 190.751, 0]
[17.9984, 3.2334, 4.13562, 0]

test2mg0.jpg

[111.956, 8.08045, 194.406, 0]
[37.7354, 2.7254, 3.91274, 0]

control2mg0.jpg

[129.312, 15.8885, 186.501, 0]
[29.2513, 4.04592, 5.4815, 0]

control2mg1.jpg

[142.267, 17.8054, 181.653, 0]
[15.6375, 4.08551, 5.88294, 0]

control2mg2.jpg

[130.54, 24.2367, 205.065, 0]
[27.6573, 4.72417, 6.2624, 0]

control4mg0.jpg

[157.029, 25.2542, 191.273, 0]
[14.3882, 4.48054, 7.83824, 0]

control4mg1.jpg

[148.604, 21.4209, 190.46, 0]
[16.8799, 4.15858, 4.80332, 0]

control4mg2.jpg

[140.551, 17.3311, 181.523, 0]
[19.7853, 4.81008, 5.19898, 0]

control7mg0.jpg

[139.707, 18.779, 184.085, 0]
[19.9055, 3.77924, 5.9248, 0]

control7mg1.jpg

[128.668, 16.1238, 185.531, 0]
[20.2717, 3.40745, 4.30466, 0]

control7mg2.jpg

[143.595, 19.7405, 183.182, 0]
[26.2108, 3.87152, 5.26164, 0]

control15mg0.jpg

[135.629, 19.8874, 186.403, 0]
[27.7092, 4.025, 5.30822, 0]

control15mg1.jpg

[127.111, 15.4768, 197.104, 0]
[27.6899, 3.58591, 4.36676, 0]

control15mg2.jpg

[110.388, 14.3291, 191.242, 0]
[27.306, 2.45757, 6.57206, 0]

test15mg2.jpg

control15mg2.jpg

control15mg2.jpg

control15mg2.jpg

control15mg2.jpg

control15mg2.jpg

control15mg2.jpg

control15mg2.jpg

control15mg2.jpg

control15mg2.jpg

control15mg2.jpg

control15mg2.jpg

control15mg2.jpg

control15mg2.jpg

control15mg2.jpg

control15mg2.jpg

control15mg2.jpg

control15mg2.jpg

control15mg2.jpg

control15mg2.jpg

control15mg2.jpg

control15mg2.jpg

control15mg2.jpg

control15mg2.jpg

control15mg2.jpg

control15mg2.jpg

control15mg2.jpg

control15mg2.jpg

control15mg2.jpg

control15mg2.jpg

control15mg2.jpg

control15mg2.jpg

control15mg2.jpg

control15mg2.jpg

control15mg2.jpg

control15mg2.jpg

control15mg2.jpg

control15mg2.jpg

control15mg2.jpg

control15mg2.jpg

control15mg2.jpg

control15mg2.jpg

control15mg2.jpg

control15mg2.jpg

control15mg2.jpg

control15mg2.jpg

[56.0759, 5.36207, 204.314, 0]
[11.0713, 0.754259, 2.12574, 0]

control15mg2.jpg

[72.602, 6.10707, 201.525, 0]
[22.6273, 1.12036, 3.83009, 0]

control15mg2.jpg

[110.881, 7.76667, 196.181, 0]
[4.30615, 0.514396, 0.796193, 0]

control15mg2.jpg

[107.069, 12.5647, 195.06, 0]
[7.15737, 1.74572, 2.99076, 0]

control15mg2.jpg

[107.668, 13.1173, 193.418, 0]
[6.93021, 1.61987, 1.53146, 0]

control15mg2.jpg

control15mg2.jpg

control15mg2.jpg

control15mg2.jpg

control15mg2.jpg

[34, 9.13333, 199.6, 0]
[7.89937, 0.618241, 0.489898, 0]

control15mg2.jpg

[65.4959, 11.562, 195.562, 0]
[18.0079, 2.83978, 4.16775, 0]

control15mg2.jpg

[85.7803, 15.1515, 190.838, 0]
[24.7794, 3.27714, 4.75343, 0]

control15mg2.jpg

[98.6087, 17.4928, 186.058, 0]
[16.934, 1.24671, 2.32119, 0]

control15mg2.jpg

[109.163, 18.7687, 185.306, 0]
[13.6477, 1.12224, 1.76748, 0]

control15mg2.jpg

[91.2959, 16.4232, 188.079, 0]
[20.2444, 3.03116, 4.34528, 0]

control15mg2.jpg

[81.3693, 14.8383, 189.76, 0]
[24.8016, 3.79828, 4.88291, 0]

control15mg2.jpg

[106.505, 18.4084, 185.532, 0]
[14.5896, 1.31114, 2.00219, 0]

control15mg2.jpg

[70.288, 13.3298, 192.052, 0]
[25.9061, 4.31011, 5.29619, 0]

control15mg2.jpg

[91.6234, 16.5227, 187.945, 0]
[21.1568, 2.48948, 3.54656, 0]

control15mg2.jpg

[96.25, 11.4667, 196.333, 0]
[10.0807, 1.74611, 2.0629, 0]

control15mg2.jpg

[97.4189, 11.473, 195.324, 0]
[10.3715, 1.91172, 2.31393, 0]

control15mg2.jpg

[104.17, 12.4879, 193.842, 0]
[9.20054, 1.89613, 2.03441, 0]

control15mg2.jpg

[98.1981, 7.26857, 197.817, 0]
[15.8347, 0.774758, 1.99258, 0]

control15mg2.jpg

control15mg2.jpg

control15mg2.jpg

control15mg2.jpg

control15mg2.jpg

control15mg2.jpg

[47.2626, 4.60354, 207.008, 0]
[3.40331, 0.57021, 1.74728, 0]

control15mg2.jpg

[106.519, 16.4255, 194.292, 0]
[11.1865, 1.73269, 2.25719, 0]

control15mg2.jpg

[125.505, 15.8454, 224.918, 0]
[1.4368, 0.663328, 1.28167, 0]

control15mg2.jpg

[127.245, 13.7337, 227.837, 0]
[2.56862, 2.30542, 3.38564, 0]

control15mg2.jpg

[127.049, 17.1951, 219.236, 0]
[1.93745, 0.916502, 0.827193, 0]

control15mg2.jpg

[127.135, 14.7174, 223.722, 0]
[2.14154, 2.74941, 4.9406, 0]

control15mg2.jpg

[127.196, 14.9324, 223.598, 0]
[2.09748, 2.56289, 4.52811, 0]

control15mg2.jpg

[128.106, 16.3106, 222.886, 0]
[1.77635, 0.970259, 1.51581, 0]

control15mg2.jpg

[127.647, 14.4353, 226.09, 0]
[2.29282, 1.93076, 3.38147, 0]

control15mg2.jpg

[127.827, 14.5228, 226.046, 0]
[2.33327, 1.80852, 3.15762, 0]

control15mg2.jpg

[129.801, 15.3404, 225.624, 0]
[2.35869, 0.671927, 1.24079, 0]

control15mg2.jpg

[130.076, 12.9748, 227.387, 0]
[2.04635, 0.893131, 0.779024, 0]

control15mg2.jpg

[130.216, 13.0431, 227.397, 0]
[2.02061, 0.922817, 0.808141, 0]

control15mg2.jpg

[126.719, 15.0351, 218.132, 0]
[1.9802, 0.591309, 1.42972, 0]

control15mg2.jpg

[127.734, 13.8802, 220.708, 0]
[2.3733, 1.48997, 3.46535, 0]

control15mg2.jpg

control15mg2.jpg

control15mg2.jpg

control15mg2.jpg

control15mg2.jpg

control15mg2.jpg

control15mg2.jpg

control15mg2.jpg

control15mg2.jpg

control15mg2.jpg

control15mg2.jpg

control15mg2.jpg

control15mg2.jpg

control15mg2.jpg

control15mg2.jpg

control15mg2.jpg

control15mg2.jpg

control15mg2.jpg

control15mg2.jpg

control15mg2.jpg

control15mg2.jpg

control15mg2.jpg

control15mg2.jpg

control15mg2.jpg

control15mg2.jpg

control15mg2.jpg

control15mg2.jpg

control15mg2.jpg

test7mg2.jpg

control7mg2.jpg

