control2mg0.jpg

Auto-busca:
HSV:
[107.455, 13.3597, 194.945, 0]
[5.9093, 1.242, 2.34498, 0]

Gray:
[78.3913, 0, 0, 0]
[1.2388, 0, 0, 0]

control2mg0.jpg

Busca Manual:
HSV:
[105.197, 12.6905, 193.813, 0]
[8.37728, 1.78889, 1.78306, 0]

Gray:
[77.3707, 0, 0, 0]
[1.80757, 0, 0, 0]

control2mg1.jpg

Auto-busca:
HSV:
[120.381, 13.3806, 191.412, 0]
[4.29377, 0.945087, 2.24302, 0]

Gray:
[78.8062, 0, 0, 0]
[1.05087, 0, 0, 0]

control2mg1.jpg

Busca Manual:
HSV:
[120.93, 13.2267, 189.953, 0]
[4.77617, 1.15266, 2.26521, 0]

Gray:
[78.3033, 0, 0, 0]
[1.36063, 0, 0, 0]

control2mg2.jpg

No contour found

control2mg2.jpg

Busca Manual:
HSV:
[93.5335, 20.0831, 211.035, 0]
[11.7015, 1.9283, 2.64189, 0]

Gray:
[85.5687, 0, 0, 0]
[2.94181, 0, 0, 0]

control4mg0.jpg

Auto-busca:
HSV:
[127.938, 20.5975, 199.988, 0]
[7.80788, 1.25562, 1.99892, 0]

Gray:
[86.4647, 0, 0, 0]
[1.49404, 0, 0, 0]

control4mg0.jpg

Busca Manual:
HSV:
[126.513, 20.602, 198.378, 0]
[9.5511, 1.3775, 2.83278, 0]

Gray:
[85.8289, 0, 0, 0]
[2.13916, 0, 0, 0]

control4mg1.jpg

Auto-busca:
HSV:
[115.79, 17.2346, 197.621, 0]
[7.59908, 1.13969, 1.47289, 0]

Gray:
[82.358, 0, 0, 0]
[1.44566, 0, 0, 0]

control4mg1.jpg

Busca Manual:
HSV:
[114.795, 16.7987, 196.734, 0]
[9.16836, 1.50488, 1.93579, 0]

Gray:
[81.7403, 0, 0, 0]
[2.07272, 0, 0, 0]

control4mg2.jpg

Auto-busca:
HSV:
[109.493, 13.2228, 189.684, 0]
[10.3806, 1.47776, 3.0301, 0]

Gray:
[76.9814, 0, 0, 0]
[2.15873, 0, 0, 0]

control4mg2.jpg

Busca Manual:
HSV:
[110.657, 13.2871, 188.67, 0]
[10.8485, 1.51997, 1.89754, 0]

Gray:
[76.8416, 0, 0, 0]
[2.35777, 0, 0, 0]

control7mg0.jpg

Auto-busca:
HSV:
[105.847, 14.3842, 191.551, 0]
[8.25233, 1.1544, 2.84813, 0]

Gray:
[77.8305, 0, 0, 0]
[1.79125, 0, 0, 0]

control7mg0.jpg

Busca Manual:
HSV:
[108.093, 14.6143, 190.671, 0]
[7.79413, 1.16549, 1.91028, 0]

Gray:
[77.9643, 0, 0, 0]
[1.8724, 0, 0, 0]

control7mg1.jpg

Auto-busca:
HSV:
[99.9152, 12.603, 192.018, 0]
[4.62655, 0.967654, 1.15193, 0]

Gray:
[76.2667, 0, 0, 0]
[0.918717, 0, 0, 0]

control7mg1.jpg

Busca Manual:
HSV:
[100.693, 12.6655, 191.807, 0]
[4.26117, 0.980069, 0.923237, 0]

Gray:
[76.3414, 0, 0, 0]
[0.930709, 0, 0, 0]

control7mg2.jpg

Auto-busca:
HSV:
[110.726, 15.9086, 190.888, 0]
[10.7156, 1.10227, 2.46348, 0]

Gray:
[79.0178, 0, 0, 0]
[1.75163, 0, 0, 0]

control7mg2.jpg

Busca Manual:
HSV:
[112.627, 16.1169, 189.971, 0]
[11.603, 1.13073, 1.48885, 0]

Gray:
[79.0942, 0, 0, 0]
[2.00832, 0, 0, 0]

control15mg0.jpg

Auto-busca:
HSV:
[107.268, 16.2065, 192.768, 0]
[9.32935, 0.931004, 2.39955, 0]

Gray:
[79.3659, 0, 0, 0]
[1.60619, 0, 0, 0]

control15mg0.jpg

Busca Manual:
HSV:
[106.151, 16.2577, 191.986, 0]
[10.4446, 0.820004, 2.89445, 0]

Gray:
[79.0515, 0, 0, 0]
[1.8203, 0, 0, 0]

control15mg1.jpg

Auto-busca:
HSV:
[102.606, 13.3535, 202.993, 0]
[6.04943, 0.769535, 1.94537, 0]

Gray:
[80.2088, 0, 0, 0]
[1.16494, 0, 0, 0]

control15mg1.jpg

Busca Manual:
HSV:
[101.696, 13.1025, 202.276, 0]
[7.94042, 0.993172, 1.68516, 0]

Gray:
[79.7516, 0, 0, 0]
[1.52426, 0, 0, 0]

control15mg2.jpg

No contour found

control15mg2.jpg

Busca Manual:
HSV:
[88.4056, 12.808, 198.783, 0]
[6.85133, 0.393834, 2.19261, 0]

Gray:
[77.0372, 0, 0, 0]
[1.12604, 0, 0, 0]

test2mg0.jpg

Auto-busca:
HSV:
[105.902, 7.59762, 197.348, 0]
[7.19342, 0.532285, 1.66422, 0]

Gray:
[75.5381, 0, 0, 0]
[0.862431, 0, 0, 0]

test2mg0.jpg

Busca Manual:
HSV:
[104.135, 7.50529, 197.04, 0]
[10.726, 0.600902, 1.31173, 0]

Gray:
[75.2063, 0, 0, 0]
[1.31727, 0, 0, 0]

test2mg1.jpg

Auto-busca:
HSV:
[129, 10.2395, 194.697, 0]
[5.58885, 0.872909, 1.23706, 0]

Gray:
[79.021, 0, 0, 0]
[1.051, 0, 0, 0]

test2mg1.jpg

Busca Manual:
HSV:
[124.235, 9.80876, 194.083, 0]
[9.83786, 1.26557, 2.22833, 0]

Gray:
[78.0138, 0, 0, 0]
[1.88489, 0, 0, 0]

test2mg2.jpg

Auto-busca:
HSV:
[95.6988, 17.49, 212.663, 0]
[4.01324, 0.901193, 1.61278, 0]

Gray:
[84.747, 0, 0, 0]
[1.09958, 0, 0, 0]

test2mg2.jpg

Busca Manual:
HSV:
[89.4923, 16.8469, 213.018, 0]
[9.61928, 1.18754, 2.13503, 0]

Gray:
[83.7755, 0, 0, 0]
[1.67686, 0, 0, 0]

test4mg0.jpg

Auto-busca:
HSV:
[138.576, 20.0985, 197.455, 0]
[9.20896, 1.59241, 2.2049, 0]

Gray:
[86.6667, 0, 0, 0]
[1.2861, 0, 0, 0]

test4mg0.jpg

Busca Manual:
HSV:
[128.576, 19.9412, 196.855, 0]
[18.5888, 1.69177, 3.30425, 0]

Gray:
[85.2206, 0, 0, 0]
[2.42355, 0, 0, 0]

test4mg1.jpg

Auto-busca:
HSV:
[125.989, 14.629, 193.689, 0]
[7.58811, 1.29151, 1.58464, 0]

Gray:
[80.8657, 0, 0, 0]
[1.31436, 0, 0, 0]

test4mg1.jpg

Busca Manual:
HSV:
[120.584, 14.7168, 193.329, 0]
[14.4837, 1.12664, 1.96172, 0]

Gray:
[80.1735, 0, 0, 0]
[1.90609, 0, 0, 0]

test4mg2.jpg

Auto-busca:
HSV:
[110.06, 12.6625, 186.852, 0]
[9.43245, 1.24186, 2.78121, 0]

Gray:
[75.836, 0, 0, 0]
[1.67696, 0, 0, 0]

test4mg2.jpg

Busca Manual:
HSV:
[100.264, 11.881, 186.105, 0]
[17.197, 1.65619, 2.4916, 0]

Gray:
[74.0643, 0, 0, 0]
[2.77972, 0, 0, 0]

test7mg0.jpg

Auto-busca:
HSV:
[125.457, 17.4259, 182.637, 0]
[8.11562, 1.52322, 2.43611, 0]

Gray:
[79.123, 0, 0, 0]
[1.6889, 0, 0, 0]

test7mg0.jpg

Busca Manual:
HSV:
[120.955, 16.5881, 182.567, 0]
[12.0505, 2.22419, 2.94195, 0]

Gray:
[78.081, 0, 0, 0]
[2.30488, 0, 0, 0]

test7mg1.jpg

Auto-busca:
HSV:
[122.397, 14.2557, 181.938, 0]
[7.53723, 1.09552, 3.14659, 0]

Gray:
[76.718, 0, 0, 0]
[1.21972, 0, 0, 0]

test7mg1.jpg

Busca Manual:
HSV:
[117.463, 13.6256, 180.862, 0]
[13.1319, 1.72571, 3.0675, 0]

Gray:
[75.4507, 0, 0, 0]
[2.02844, 0, 0, 0]

test7mg2.jpg

Auto-busca:
HSV:
[131.619, 21.6598, 181.611, 0]
[7.40225, 1.38606, 1.89695, 0]

Gray:
[82.0123, 0, 0, 0]
[1.27228, 0, 0, 0]

test7mg2.jpg

Busca Manual:
HSV:
[127.315, 20.4167, 181.417, 0]
[10.4441, 2.47347, 1.86738, 0]

Gray:
[80.7262, 0, 0, 0]
[2.40214, 0, 0, 0]

test15mg0.jpg

No contour found

test15mg0.jpg

Busca Manual:
HSV:
[122.115, 21.1841, 182.338, 0]
[16.4992, 3.31431, 4.66594, 0]

Gray:
[80.8818, 0, 0, 0]
[2.54677, 0, 0, 0]

test15mg1.jpg

Auto-busca:
HSV:
[128.1, 22.9967, 182.348, 0]
[6.36645, 1.6989, 3.47943, 0]

Gray:
[82.5853, 0, 0, 0]
[1.3814, 0, 0, 0]

test15mg1.jpg

Busca Manual:
HSV:
[121.655, 21.9929, 182.343, 0]
[14.3398, 3.22674, 3.60378, 0]

Gray:
[81.2548, 0, 0, 0]
[2.63029, 0, 0, 0]

test15mg2.jpg

Auto-busca:
HSV:
[120.142, 18.8479, 185.549, 0]
[9.32423, 2.10303, 5.2421, 0]

Gray:
[80.2552, 0, 0, 0]
[1.42125, 0, 0, 0]

test15mg2.jpg

Busca Manual:
HSV:
[117.713, 19.34, 183.1, 0]
[14.8213, 2.86627, 4.50247, 0]

Gray:
[79.5178, 0, 0, 0]
[2.27858, 0, 0, 0]

control2mg2.jpg

No contour found

control2mg2.jpg

Auto-busca:
HSV:
[103.788, 21.8175, 211.861, 0]
[5.10822, 0.727148, 1.68368, 0]

Gray:
[88.0292, 0, 0, 0]
[0.809989, 0, 0, 0]

control15mg2.jpg

Auto-busca:
HSV:
[94.1769, 12.932, 198.687, 0]
[2.67948, 0.251793, 2.37276, 0]

Gray:
[77.7347, 0, 0, 0]
[0.913441, 0, 0, 0]

test15mg0.jpg

Auto-busca:
HSV:
[133.507, 24.3483, 177.861, 0]
[7.39579, 1.44488, 1.50967, 0]

Gray:
[82.7114, 0, 0, 0]
[1.48502, 0, 0, 0]

test2mg0.jpg

Auto-busca:
HSV:
[109.464, 7.78544, 197.142, 0]
[4.91495, 0.487329, 1.06809, 0]

Gray:
[75.9732, 0, 0, 0]
[0.633703, 0, 0, 0]

control2mg0.jpg

Auto-busca:
HSV:
[109.44, 13.7088, 194.797, 0]
[4.92517, 0.987743, 2.04547, 0]

Gray:
[78.7802, 0, 0, 0]
[1.00332, 0, 0, 0]

control2mg0.jpg

Auto-busca:
HSV:
[109.44, 13.7088, 194.797, 0]
[4.92517, 0.987743, 2.04547, 0]

Gray:
[78.7802, 0, 0, 0]
[1.00332, 0, 0, 0]

control2mg0.jpg

Auto-busca:
HSV:
[158.118, 19.7389, 183.355, 0]
[34.6115, 3.61794, 9.73452, 0]

Gray:
[84.399, 0, 0, 0]
[5.82617, 0, 0, 0]

control2mg0.jpg

Auto-busca:
HSV:
[159.444, 19.6502, 186.188, 0]
[34.0163, 4.58831, 12.692, 0]

Gray:
[85.3857, 0, 0, 0]
[5.80275, 0, 0, 0]

control2mg0.jpg

Auto-busca:
HSV:
[163.214, 16.7222, 180, 0]
[13.6606, 2.09928, 2.0702, 0]

Gray:
[82.2381, 0, 0, 0]
[2.3952, 0, 0, 0]

control2mg0.jpg

Busca Manual:
HSV:
[113.533, 13.6, 192.6, 0]
[2.70473, 1.0198, 0.8, 0]

Gray:
[78.4667, 0, 0, 0]
[0.718022, 0, 0, 0]

control2mg0.jpg

Busca Manual:
HSV:
[107.89, 12.8187, 193.06, 0]
[6.9035, 1.91727, 1.73258, 0]

Gray:
[77.5275, 0, 0, 0]
[1.81774, 0, 0, 0]

control2mg0.jpg

Busca Manual:
HSV:
[106.336, 12.7802, 193.211, 0]
[7.15884, 1.82628, 1.61439, 0]

Gray:
[77.3707, 0, 0, 0]
[1.72222, 0, 0, 0]

control2mg0.jpg

Busca Manual:
HSV:
[101.892, 11.9077, 194.215, 0]
[9.66058, 1.89512, 1.93345, 0]

Gray:
[76.6154, 0, 0, 0]
[2.14614, 0, 0, 0]

control2mg0.jpg

Busca Manual:
HSV:
[154.955, 14.6196, 188.395, 0]
[37.0225, 7.85766, 15.0582, 0]

Gray:
[82.5766, 0, 0, 0]
[7.42201, 0, 0, 0]

control2mg0.jpg

Busca Manual:
HSV:
[150.373, 18.824, 176.966, 0]
[47.3909, 6.46144, 5.93083, 0]

Gray:
[81.1202, 0, 0, 0]
[7.97814, 0, 0, 0]

control2mg0.jpg

Auto-busca:
HSV:
[156.409, 18.1439, 177.583, 0]
[5.57178, 1.84281, 5.0842, 0]

Gray:
[81.5985, 0, 0, 0]
[2.02955, 0, 0, 0]

control2mg0.jpg

Busca Manual:
HSV:
[118.391, 13.9844, 179.844, 0]
[50.5654, 6.16313, 4.42372, 0]

Gray:
[75.4375, 0, 0, 0]
[8.20799, 0, 0, 0]

control2mg0.jpg

Busca Manual:
HSV:
[148.31, 18.0805, 177.939, 0]
[28.6352, 4.33259, 4.0462, 0]

Gray:
[80.7088, 0, 0, 0]
[5.67979, 0, 0, 0]

control2mg0.jpg

Auto-busca:
HSV:
[149.191, 17.0394, 185.621, 0]
[17.8734, 4.61831, 13.5586, 0]

Gray:
[82.5212, 0, 0, 0]
[3.75312, 0, 0, 0]

control2mg0.jpg

Auto-busca:
HSV:
[159.823, 19.6013, 178.772, 0]
[6.298, 2.01871, 4.90014, 0]

Gray:
[83.2089, 0, 0, 0]
[2.19336, 0, 0, 0]

control-2mg.jpg

Auto-busca:
HSV:
[166.503, 34.9273, 187.006, 0]
[2.23098, 4.6444, 3.20699, 0]

Gray:
[95.4424, 0, 0, 0]
[3.39581, 0, 0, 0]

control-2mg.jpg

Busca Manual:
HSV:
[156.613, 30.968, 186.509, 0]
[15.7782, 6.61586, 6.29576, 0]

Gray:
[91.8133, 0, 0, 0]
[5.73944, 0, 0, 0]

