control2mg0.jpg

Auto-busca:
HSV:
[158.312, 19.3122, 177.677, 0]
[6.57822, 2.65133, 4.53634, 0]

Gray:
[82.5344, 0, 0, 0]
[2.69727, 0, 0, 0]

control2mg0.jpg

Busca Manual:
HSV:
[141.304, 17.3007, 178.04, 0]
[35.8835, 4.88937, 4.44555, 0]

Gray:
[79.5254, 0, 0, 0]
[6.41353, 0, 0, 0]

control2mg1.jpg

Auto-busca:
HSV:
[152.241, 21.0889, 174.452, 0]
[6.13591, 4.81582, 8.09364, 0]

Gray:
[81.8519, 0, 0, 0]
[3.99355, 0, 0, 0]

control2mg1.jpg

Busca Manual:
HSV:
[149.825, 20.3211, 171.533, 0]
[10.4305, 6.11929, 3.63208, 0]

Gray:
[80.2439, 0, 0, 0]
[5.07319, 0, 0, 0]

control2mg2.jpg

Auto-busca:
HSV:
[163.507, 30.0357, 200.7, 0]
[7.0107, 4.48873, 5.93501, 0]

Gray:
[96.35, 0, 0, 0]
[2.4081, 0, 0, 0]

control2mg2.jpg

Busca Manual:
HSV:
[144.079, 25.8536, 198.079, 0]
[24.3295, 6.21318, 4.68747, 0]

Gray:
[90.8714, 0, 0, 0]
[6.13228, 0, 0, 0]

test2mg0.jpg

Auto-busca:
HSV:
[154.356, 11.4655, 187.328, 0]
[8.3142, 1.81832, 1.86364, 0]

Gray:
[80.3218, 0, 0, 0]
[1.46605, 0, 0, 0]

test2mg0.jpg

Busca Manual:
HSV:
[127.721, 8.94103, 189.944, 0]
[36.8238, 3.3595, 3.57583, 0]

Gray:
[76.5872, 0, 0, 0]
[5.07092, 0, 0, 0]

test2mg1.jpg

Auto-busca:
HSV:
[152.619, 14.7483, 184.939, 0]
[2.79293, 1.74903, 3.45077, 0]

Gray:
[81.3129, 0, 0, 0]
[1.24432, 0, 0, 0]

test2mg1.jpg

Busca Manual:
HSV:
[143.337, 12.8222, 184.943, 0]
[13.5234, 3.55369, 3.61345, 0]

Gray:
[79.1587, 0, 0, 0]
[2.77521, 0, 0, 0]

test2mg2.jpg

No contour found

test2mg2.jpg

Busca Manual:
HSV:
[129.971, 20.7571, 205.85, 0]
[41.923, 4.57145, 4.87695, 0]

Gray:
[88.6286, 0, 0, 0]
[6.13461, 0, 0, 0]

test2mg2.jpg

Busca Manual:
HSV:
[103.049, 19.0257, 206.337, 0]
[41.6541, 3.74271, 3.5738, 0]

Gray:
[84.6343, 0, 0, 0]
[5.96925, 0, 0, 0]

control4mg0.jpg

Auto-busca:
HSV:
[165.187, 25.5627, 188.613, 0]
[5.20332, 6.93633, 11.6022, 0]

Gray:
[90.2293, 0, 0, 0]
[4.31317, 0, 0, 0]

control4mg0.jpg

Busca Manual:
HSV:
[164.056, 27.3571, 183.102, 0]
[6.38965, 6.63922, 5.30649, 0]

Gray:
[89.5113, 0, 0, 0]
[4.41565, 0, 0, 0]

control4mg1.jpg

Auto-busca:
HSV:
[157.851, 23.1016, 185.263, 0]
[10.4426, 5.35672, 7.04794, 0]

Gray:
[86.946, 0, 0, 0]
[4.05834, 0, 0, 0]

control4mg1.jpg

Busca Manual:
HSV:
[158.297, 23.0448, 183.776, 0]
[10.2699, 5.94179, 4.32333, 0]

Gray:
[86.5172, 0, 0, 0]
[4.4584, 0, 0, 0]

control4mg2.jpg

Auto-busca:
HSV:
[159.648, 19.6568, 175.784, 0]
[8.59489, 5.19093, 8.27083, 0]

Gray:
[82.3051, 0, 0, 0]
[4.05473, 0, 0, 0]

control4mg2.jpg

Busca Manual:
HSV:
[150.803, 18.6138, 174.397, 0]
[19.7911, 5.76456, 4.70781, 0]

Gray:
[80.2655, 0, 0, 0]
[5.00846, 0, 0, 0]

test4mg0.jpg

Auto-busca:
HSV:
[164.136, 25.8172, 186.437, 0]
[3.56447, 3.49484, 7.48108, 0]

Gray:
[89.6129, 0, 0, 0]
[1.90659, 0, 0, 0]

test4mg0.jpg

Busca Manual:
HSV:
[153.714, 24.3386, 186.587, 0]
[19.2957, 4.19519, 7.67109, 0]

Gray:
[87.6111, 0, 0, 0]
[2.73321, 0, 0, 0]

test4mg1.jpg

Auto-busca:
HSV:
[160.741, 20.7363, 183.308, 0]
[6.04648, 2.81523, 4.56292, 0]

Gray:
[85.3134, 0, 0, 0]
[1.19961, 0, 0, 0]

test4mg1.jpg

Busca Manual:
HSV:
[141.568, 18.4559, 183.941, 0]
[27.4849, 4.49717, 4.7032, 0]

Gray:
[81.9441, 0, 0, 0]
[4.31888, 0, 0, 0]

test4mg2.jpg

No contour found

test4mg2.jpg

Busca Manual:
HSV:
[119.967, 14.2944, 176.137, 0]
[38.1097, 6.00081, 4.99964, 0]

Gray:
[74.7437, 0, 0, 0]
[6.6304, 0, 0, 0]

control7mg0.jpg

Auto-busca:
HSV:
[158.027, 21.9137, 177.486, 0]
[8.4665, 3.41743, 8.97091, 0]

Gray:
[83.9294, 0, 0, 0]
[3.40515, 0, 0, 0]

control7mg0.jpg

Busca Manual:
HSV:
[149.12, 20.1371, 176.987, 0]
[23.3763, 5.33599, 6.82802, 0]

Gray:
[81.7224, 0, 0, 0]
[5.24451, 0, 0, 0]

control7mg1.jpg

Auto-busca:
HSV:
[156.335, 19.9695, 176.726, 0]
[8.17289, 4.28472, 2.21229, 0]

Gray:
[82.378, 0, 0, 0]
[3.72742, 0, 0, 0]

control7mg1.jpg

Busca Manual:
HSV:
[151.418, 18.2344, 177.793, 0]
[15.8898, 5.46792, 2.93685, 0]

Gray:
[81.1016, 0, 0, 0]
[4.85789, 0, 0, 0]

control7mg2.jpg

Auto-busca:
HSV:
[160.236, 21.2667, 180.545, 0]
[13.8305, 4.89419, 9.71126, 0]

Gray:
[84.7424, 0, 0, 0]
[4.32158, 0, 0, 0]

control7mg2.jpg

Busca Manual:
HSV:
[148.026, 20.0357, 177.737, 0]
[31.6012, 6.17036, 6.34856, 0]

Gray:
[81.7922, 0, 0, 0]
[6.58577, 0, 0, 0]

test7mg0.jpg

Auto-busca:
HSV:
[154.941, 22.992, 169.413, 0]
[9.75387, 7.432, 7.80887, 0]

Gray:
[81.8293, 0, 0, 0]
[3.8606, 0, 0, 0]

test7mg0.jpg

Busca Manual:
HSV:
[147.516, 21.2444, 170.479, 0]
[24.4975, 8.72725, 7.74295, 0]

Gray:
[80.2667, 0, 0, 0]
[5.72782, 0, 0, 0]

test7mg1.jpg

Auto-busca:
HSV:
[152.406, 18.913, 167.977, 0]
[7.635, 5.11701, 7.54922, 0]

Gray:
[78.7362, 0, 0, 0]
[2.93356, 0, 0, 0]

test7mg1.jpg

Busca Manual:
HSV:
[137.429, 16.6391, 169.777, 0]
[30.5369, 6.61358, 7.97319, 0]

Gray:
[76.2331, 0, 0, 0]
[5.09738, 0, 0, 0]

test7mg2.jpg

Auto-busca:
HSV:
[157.805, 26.9243, 171.135, 0]
[10.0523, 6.45271, 11.6516, 0]

Gray:
[84.9486, 0, 0, 0]
[3.59806, 0, 0, 0]

test7mg2.jpg

Busca Manual:
HSV:
[149.561, 24.7698, 170.23, 0]
[20.4298, 8.24123, 8.84538, 0]

Gray:
[82.4762, 0, 0, 0]
[5.05218, 0, 0, 0]

control15mg0.jpg

Auto-busca:
HSV:
[162.876, 24.0104, 179.425, 0]
[5.80111, 3.84005, 3.62573, 0]

Gray:
[86.3264, 0, 0, 0]
[2.14553, 0, 0, 0]

control15mg0.jpg

Busca Manual:
HSV:
[149.993, 21.5679, 180.268, 0]
[24.3059, 5.56927, 4.19477, 0]

Gray:
[83.6429, 0, 0, 0]
[5.24074, 0, 0, 0]

control15mg1.jpg

Auto-busca:
HSV:
[153.71, 18.7319, 191.58, 0]
[5.4523, 1.6265, 6.72311, 0]

Gray:
[85.7681, 0, 0, 0]
[1.86614, 0, 0, 0]

control15mg1.jpg

Busca Manual:
HSV:
[141.064, 16.5571, 190.304, 0]
[33.563, 4.78132, 3.49039, 0]

Gray:
[82.6607, 0, 0, 0]
[6.09179, 0, 0, 0]

control15mg2.jpg

No contour found

control15mg2.jpg

Busca Manual:
HSV:
[120.459, 15.2241, 184.341, 0]
[39.5762, 4.54192, 5.1163, 0]

Gray:
[77.7966, 0, 0, 0]
[6.75405, 0, 0, 0]

test15mg0.jpg

Auto-busca:
HSV:
[162.105, 29.7595, 169.826, 0]
[10.6038, 11.2543, 13.2828, 0]

Gray:
[86.7571, 0, 0, 0]
[4.91384, 0, 0, 0]

test15mg0.jpg

Busca Manual:
HSV:
[150.72, 27.8736, 169.117, 0]
[31.0996, 12.4245, 10.9925, 0]

Gray:
[84.1471, 0, 0, 0]
[7.20769, 0, 0, 0]

test15mg1.jpg

Auto-busca:
HSV:
[159.954, 31.1949, 168.495, 0]
[7.5119, 10.7115, 15.6749, 0]

Gray:
[86.9051, 0, 0, 0]
[4.60142, 0, 0, 0]

test15mg1.jpg

Busca Manual:
HSV:
[140.608, 27.7221, 168.418, 0]
[38.4934, 13.0796, 12.9683, 0]

Gray:
[82.6413, 0, 0, 0]
[8.33942, 0, 0, 0]

test15mg2.jpg

Auto-busca:
HSV:
[153.479, 27.2089, 167.187, 0]
[11.3149, 5.60276, 11.1241, 0]

Gray:
[83.4568, 0, 0, 0]
[2.81019, 0, 0, 0]

test15mg2.jpg

Busca Manual:
HSV:
[138.998, 24.5326, 169.1, 0]
[35.3061, 8.05952, 11.0539, 0]

Gray:
[80.814, 0, 0, 0]
[6.14233, 0, 0, 0]

