control2mg0.jpg

Auto-busca:
HSV:
[170.265, 163.831, 177.947, 0]
[6.80988, 7.04054, 7.14012, 0]

Gray:
[168.757, 0, 0, 0]
[6.74274, 0, 0, 0]

control2mg1.jpg

Auto-busca:
HSV:
[169.544, 160.144, 174.711, 0]
[10.6991, 10.9689, 11.3792, 0]

Gray:
[165.53, 0, 0, 0]
[10.6991, 0, 0, 0]

control2mg2.jpg

Auto-busca:
HSV:
[188.593, 179.029, 203.143, 0]
[10.4067, 12.5208, 8.82251, 0]

Gray:
[187.3, 0, 0, 0]
[11.0542, 0, 0, 0]

control4mg0.jpg

Auto-busca:
HSV:
[177.741, 170.704, 189.821, 0]
[14.8027, 16.5786, 14.6241, 0]

Gray:
[177.216, 0, 0, 0]
[15.6252, 0, 0, 0]

control4mg1.jpg

Auto-busca:
HSV:
[175.346, 168.724, 185.946, 0]
[9.62063, 10.8037, 9.94366, 0]

Gray:
[174.61, 0, 0, 0]
[10.0097, 0, 0, 0]

control4mg2.jpg

Auto-busca:
HSV:
[168.886, 162.716, 176.551, 0]
[11.0875, 12.5086, 10.4453, 0]

Gray:
[167.551, 0, 0, 0]
[11.5312, 0, 0, 0]

control7mg0.jpg

Auto-busca:
HSV:
[170.145, 162.698, 178.188, 0]
[10.8605, 11.2828, 10.6157, 0]

Gray:
[168.165, 0, 0, 0]
[10.8308, 0, 0, 0]

control7mg1.jpg

Auto-busca:
HSV:
[169.518, 163.25, 177.951, 0]
[5.41055, 5.55612, 4.75729, 0]

Gray:
[168.354, 0, 0, 0]
[4.95313, 0, 0, 0]

control7mg2.jpg

Auto-busca:
HSV:
[172.279, 166.403, 181.873, 0]
[12.181, 12.4945, 11.5552, 0]

Gray:
[171.661, 0, 0, 0]
[12.0371, 0, 0, 0]

control15mg0.jpg

Auto-busca:
HSV:
[171.062, 163.207, 181.161, 0]
[6.9077, 8.37889, 6.72942, 0]

Gray:
[169.42, 0, 0, 0]
[7.3861, 0, 0, 0]

control15mg1.jpg

Auto-busca:
HSV:
[184.688, 177.304, 192.493, 0]
[8.39496, 7.98695, 9.31824, 0]

Gray:
[182.674, 0, 0, 0]
[8.20495, 0, 0, 0]

control15mg2.jpg

No contour found

test2mg0.jpg

Auto-busca:
HSV:
[183.316, 179.27, 188.132, 0]
[4.47959, 4.2442, 3.41898, 0]

Gray:
[182.339, 0, 0, 0]
[3.6711, 0, 0, 0]

test2mg1.jpg

Auto-busca:
HSV:
[184.333, 174.66, 185.565, 0]
[4.45893, 5.25214, 4.16671, 0]

Gray:
[179.068, 0, 0, 0]
[4.59911, 0, 0, 0]

test2mg2.jpg

No contour found

test4mg0.jpg

Auto-busca:
HSV:
[178.215, 169.294, 188.616, 0]
[9.92573, 11.0554, 9.41629, 0]

Gray:
[176.039, 0, 0, 0]
[10.326, 0, 0, 0]

test4mg1.jpg

Auto-busca:
HSV:
[174.975, 168.547, 184.333, 0]
[8.25793, 7.72983, 6.04324, 0]

Gray:
[173.97, 0, 0, 0]
[7.15841, 0, 0, 0]

test4mg2.jpg

No contour found

test7mg0.jpg

Auto-busca:
HSV:
[162.288, 154.091, 169.643, 0]
[11.1253, 13.4542, 9.57276, 0]

Gray:
[159.645, 0, 0, 0]
[11.7616, 0, 0, 0]

test7mg1.jpg

Auto-busca:
HSV:
[162.612, 156.2, 168.675, 0]
[10.5687, 11.5323, 9.71203, 0]

Gray:
[160.664, 0, 0, 0]
[10.6986, 0, 0, 0]

test7mg2.jpg

Auto-busca:
HSV:
[161.359, 153.781, 172.011, 0]
[15.0899, 16.0931, 13.5351, 0]

Gray:
[160.095, 0, 0, 0]
[15.0387, 0, 0, 0]

test15mg0.jpg

Auto-busca:
HSV:
[159.117, 151.186, 170.812, 0]
[18.2446, 20.3987, 14.9972, 0]

Gray:
[157.96, 0, 0, 0]
[18.3599, 0, 0, 0]

test15mg1.jpg

Auto-busca:
HSV:
[158.531, 148.846, 169.367, 0]
[19.4994, 22.2377, 17.5563, 0]

Gray:
[156.082, 0, 0, 0]
[20.3415, 0, 0, 0]

test15mg2.jpg

Auto-busca:
HSV:
[157.702, 150.437, 168.348, 0]
[15.2166, 16.7773, 14.4663, 0]

Gray:
[156.582, 0, 0, 0]
[15.7836, 0, 0, 0]

test15mg1.jpg

test15mg1.jpg

Auto-busca:
HSV:
[158.531, 148.846, 169.367, 0]
[19.4994, 22.2377, 17.5563, 0]

Gray:
[156.082, 0, 0, 0]
[20.3415, 0, 0, 0]

test15mg1.jpg

test15mg1.jpg

test15mg1.jpg

test15mg1.jpg

Auto-busca:
HSV:
[158.531, 148.846, 169.367, 0]
[19.4994, 22.2377, 17.5563, 0]

Gray:
[156.082, 0, 0, 0]
[20.3415, 0, 0, 0]

test15mg1.jpg

Auto-busca:
HSV:
[158.531, 148.846, 169.367, 0]
[19.4994, 22.2377, 17.5563, 0]

Gray:
[156.082, 0, 0, 0]
[20.3415, 0, 0, 0]

test15mg1.jpg

Auto-busca:
HSV:
[158.531, 148.846, 169.367, 0]
[19.4994, 22.2377, 17.5563, 0]

Gray:
[156.082, 0, 0, 0]
[20.3415, 0, 0, 0]

test15mg1.jpg

Auto-busca:
HSV:
[158.531, 148.846, 169.367, 0]
[19.4994, 22.2377, 17.5563, 0]

Gray:
[156.082, 0, 0, 0]
[20.3415, 0, 0, 0]

test15mg1.jpg

Auto-busca:
HSV:
[158.531, 148.846, 169.367, 0]
[19.4994, 22.2377, 17.5563, 0]

Gray:
[156.082, 0, 0, 0]
[20.3415, 0, 0, 0]

test15mg1.jpg

Auto-busca:
HSV:
[158.531, 148.846, 169.367, 0]
[19.4994, 22.2377, 17.5563, 0]

Gray:
[156.082, 0, 0, 0]
[20.3415, 0, 0, 0]

test15mg1.jpg

Auto-busca:
HSV:
[159.954, 31.1949, 168.495, 0]
[7.5119, 10.7115, 15.6749, 0]

Gray:
[86.9051, 0, 0, 0]
[4.60142, 0, 0, 0]

test15mg1.jpg

Busca Manual:
HSV:
[161.492, 154.419, 171.356, 0]
[18.3235, 23.6497, 15.7215, 0]

Gray:
[160.294, 0, 0, 0]
[20.4984, 0, 0, 0]

test15mg1.jpg

Auto-busca:
HSV:
[159.954, 31.1949, 168.495, 0]
[7.5119, 10.7115, 15.6749, 0]

Gray:
[86.9051, 0, 0, 0]
[4.60142, 0, 0, 0]

test15mg1.jpg

Busca Manual:
HSV:
[146, 28.719, 165.807, 0]
[30.7574, 12.5023, 11.5098, 0]

Gray:
[83.0579, 0, 0, 0]
[7.20915, 0, 0, 0]

test15mg1.jpg

Busca Manual:
HSV:
[154.012, 144.952, 164.602, 0]
[13.4046, 17.4594, 11.4946, 0]

Gray:
[151.868, 0, 0, 0]
[15.0409, 0, 0, 0]

test15mg1.jpg

Busca Manual:
HSV:
[155.854, 147.504, 166.366, 0]
[14.2055, 18.8827, 12.1358, 0]

Gray:
[154.103, 0, 0, 0]
[16.1545, 0, 0, 0]

test15mg1.jpg

Auto-busca:
HSV:
[159.954, 31.1949, 168.495, 0]
[7.5119, 10.7115, 15.6749, 0]

Gray:
[86.9051, 0, 0, 0]
[4.60142, 0, 0, 0]

test15mg1.jpg

Busca Manual:
HSV:
[156.162, 147.744, 166.712, 0]
[14.0872, 18.9204, 11.9076, 0]

Gray:
[154.383, 0, 0, 0]
[16.1161, 0, 0, 0]

test15mg1.jpg

Busca Manual:
HSV:
[153.875, 144.742, 164.722, 0]
[13.3626, 17.3817, 11.4807, 0]

Gray:
[151.764, 0, 0, 0]
[14.9613, 0, 0, 0]

test15mg1.jpg

Busca Manual:
HSV:
[155.101, 146.431, 165.662, 0]
[13.9347, 18.3542, 11.8803, 0]

Gray:
[153.175, 0, 0, 0]
[15.7356, 0, 0, 0]

test15mg1.jpg

Busca Manual:
HSV:
[155.912, 147.675, 166.176, 0]
[14.4227, 19.173, 12.3086, 0]

Gray:
[154.154, 0, 0, 0]
[16.4241, 0, 0, 0]

test15mg1.jpg

Busca Manual:
HSV:
[156.042, 147.763, 166.471, 0]
[14.222, 18.8932, 12.1222, 0]

Gray:
[154.307, 0, 0, 0]
[16.1576, 0, 0, 0]

test15mg1.jpg

Busca Manual:
HSV:
[158.227, 150.583, 168.36, 0]
[16.2838, 21.4623, 13.8437, 0]

Gray:
[0, 0, 0, 0]
[0, 0, 0, 0]

test15mg1.jpg

Auto-busca:
HSV:
[159.954, 31.1949, 168.495, 0]
[7.5119, 10.7115, 15.6749, 0]

Gray:
[86.9051, 0, 0, 0]
[4.60142, 0, 0, 0]

2mg.png

Busca Manual:
HSV:
[245.227, 241.166, 239.907, 0]
[1.46877, 1.41274, 1.67142, 0]

Gray:
[241.144, 0, 0, 0]
[1.41087, 0, 0, 0]

